1043008576 1433675899 1379510106 1595981456 434911164 
44078029 1216049992 1529163928 1068770311 340304229 
112047319 198587925 1094135752 1889230739 1375873175 
183367866 899053327 1789450234 1513790579 81794939 
909404409 779715152 1006642521 946390535 1043817158 
1653701271 1388851796 900715183 648707484 1462779071 
1274072430 1691716060 748971322 506098888 1140213869 
1183882486 550176918 208780213 565562766 1618947229 
549084442 677610086 1817535154 1643220194 419357177 
1045924681 1826588061 1318410505 687891267 1192894992 
1400205444 1597295676 1972610144 259364317 396202563 
868943655 1913065588 1785054360 1769658838 414289424 
1100349783 896247621 2106005485 1849321106 1402346509 
1098735706 885719944 1952523427 1307515919 1451282711 
1423987008 1856600362 2128892797 1094038514 1352336908 
400766326 2139963195 1031441321 1719176831 680370815 
76852665 971898627 130182843 2049462810 1231262944 
526385407 770922817 996844884 163956119 393098007 
1411134309 1264305902 1289345628 1369656146 966143360 
544208490 320908204 1851863305 349248269 1628424123 
1155662368 1773235278 1337540837 1137071517 719790144 
542394098 1537837843 712269692 1573835419 1109531027 
1392640507 1650688085 2081429654 1522823350 1552667247 
1165208951 2049208757 176106416 14570187 65681228 
569204423 1425704496 1329987131 1858550052 647876994 
148646843 255274894 968785198 2000510148 604523163 
449725674 1008688868 230274793 1787266511 2145760385 
950064938 182176961 1536114581 1662334630 1756012381 
498161960 907491489 1259216818 432107966 282831191 
664400417 1597316917 184556301 840506833 1611887105 
250237529 1409711256 890107953 1580224660 1120777660 
1537984948 1728871504 1376052554 359286498 1581898004 
1980575718 809012172 443103225 63366863 448795036 
441379962 1013431801 630971997 1977494543 528282783 
239500730 328172855 1435774272 1498717548 760280822 
1718605464 15634317 210114091 1903161765 856141150 
1822001196 5915646 118368759 564625502 1586140307 
1239146419 2102610450 1167528163 467715326 314413300 
601942519 300807396 1123425473 1045045744 364174259 
1572220509 1486425707 1377606061 55708858 1316436602 
1905888844 295209589 1644609458 1194179469 1793927137 
257406632 765301285 1809561455 467520723 520979402 
518218957 142038272 526895048 636587716 706663774 
2113035355 1875734136 661790576 1133079870 195965814 
976203876 1735022390 496773210 2099629349 632584486 
860947469 1524366210 2119010193 91069882 1580075069 
1287963148 1996958727 1875284658 785088958 1043654548 
1521728147 1042495590 1808955833 1183805954 1510016313 
182451587 1702024912 1652054585 709346635 191128980 
211234711 674898343 2066863116 873025287 1807978213 
115345282 1849229164 1395516955 612118492 1801374865 
2028101442 1473065962 1178257428 1999627987 1564135844 
610848849 1140107487 1413610923 338649859 1925196445 
309781823 1860378006 820208387 2118737656 896700313 
182741053 153705595 451241577 1834795638 863052231 
642370557 2046030350 1537950574 561750026 771571989 
1198445139 677095308 473317505 446478447 1289213801 
127208723 327096241 614796115 1305466151 179240580 
31448311 1916315000 1319348068 1445059235 107481211 
1097060865 1754841058 1967859217 1917269253 1726095067 
717075882 2100010306 1879800662 1168317459 1787322296 
595369245 1810688017 1685868998 2133319819 224954395 
309957340 1184281311 902049703 783274845 1630759758 
43779856 910483568 1957855999 658575971 68466071 
2137096579 690024283 1984781071 1308960999 2135083518 
2092262282 258538217 1742440928 1912637852 28323822 
1321052347 482230086 2128334128 1053369362 1650547546 
1768172776 1648738607 1313751915 1306558127 1634574779 
1538706310 1616515467 671372442 293272365 252306664 
154648552 337052222 1162790233 2112504551 995628193 
1231256304 2102117482 1685652476 1068553728 1263594834 
1673252346 1013332362 1522133051 1268209627 778486566 
1550456873 441778326 1260716653 1531307353 1495147688 
763780551 1151996481 996402648 2077532466 311070960 
483493779 1468755128 1927586427 1154866221 1762027493 
32409444 1309514773 2099079715 1195199677 1274535676 
947224261 278972333 1229169510 485393089 1347526061 
345280696 11161788 213374776 1867413747 1279371415 
991861342 1270386972 1721149741 105094347 654210677 
1068813782 868874898 1806207159 2065216430 798923716 
2117278119 401226561 120195196 1897380899 1556092782 
1882222690 1929790343 718123907 1833818757 977506372 
1992659583 633559370 1256478705 1074345445 1118952460 
456521119 1419626142 1130114248 669895895 1139556241 
262002015 1661757237 262459566 1983151756 1766851585 
916670243 904481890 488242835 575393754 822214672 
1287166552 545188226 1223441233 1407361748 295085477 
632050367 1142100790 77392172 1350174274 828435900 
1054898544 1195350209 1461995270 163893601 122212007 
433464082 620414720 1541838149 1563578330 1290310615 
533910742 1825580345 804584205 796370308 1661248454 
423952142 1713040552 418246696 912194977 140950658 
1240461369 51877881 686138884 316418954 1459239630 
981224361 948469322 453856772 1058616533 151159948 
1282292672 2113515077 1346510158 596804295 129925031 
1468722165 1030268377 750339751 863076666 446363060 
2040650367 1396987408 124459757 697750924 45874069 
1785708211 1121703066 1758914621 56471260 2033898043 
1899865279 1296932629 2085775925 438520516 1613351583 
1397531907 1419744877 414337257 1851388679 330877763 
565497206 986197704 296909192 1912007364 1583001999 
426834223 1233245881 465786728 1177173975 2096322547 
912149788 1070340694 1345826307 1036609546 1768091618 
1391700376 674834109 742311036 1003131349 731305369 
628725431 755512981 2028237998 567017708 1194033497 
1494105934 1964549615 466294726 1908443191 1668454647 
797172489 326456749 507168703 1094081682 90980465 
2090170702 1520915905 1324226346 408473782 550606232 
1273065245 1320623571 1620946926 471407905 209749469 
1241554896 1863108281 884583578 1983865932 718755983 
1615888948 465107716 1474268964 1496643298 1032125424 
520818813 843265584 849191392 987113539 604225128 
370162391 1784286029 930681877 877331094 730884063 
1021662343 820018148 104316320 198405041 1228491930 
654922553 1471470287 401631853 128385831 1942878192 
611381322 1369940728 1658502825 1495964901 1206323012 
229775160 964370201 1671430728 1704044124 313529851 
556072505 77379289 1156795436 1405263897 1064492829 
1761020564 1775426288 701295210 544218793 505273734 
1432179273 1565881136 1325291882 1536495593 1764286178 
406300164 43934498 1088272817 807932018 172320330 
883667361 1419313340 1542261058 394686538 767794593 
601100422 624461699 1732164794 125047503 181022175 
2045694646 681120008 258401465 1055006434 2086383905 
1322894294 668543350 1714326545 2024189504 1212762143 
72116631 1308885129 631159632 1397408513 697897074 
247962162 1803708677 741831573 1336234979 464157047 
914151903 72418692 1883470388 308929313 467105230 
503781333 910029735 1091566929 88462480 1035077238 
1272589105 2134157126 1716197246 1530990570 1041679912 
1655097503 706401216 1710223262 1221940400 583107072 
775501757 1294057031 1891992201 1406661389 543981896 
442405627 1654623551 200206926 1184237200 843374882 
664363973 2098389103 915793574 400350713 259834768 
1382898805 904132047 1169864504 326982086 992594527 
57458094 1599571191 979268005 1773655341 983078113 
2020947917 1281269196 1689479329 1583687531 355725949 
125102753 211705640 1649782980 2017094954 1618367030 
46281229 312016934 1125506933 246488155 1496254134 
1968881816 910852128 1447159590 737191742 1311202842 
1706994358 2120090547 67851241 729375214 