2973 9752 29206 9599 18439 
24916 11571 29432 4976 21217 
3955 4282 12510 18876 9141 
14015 11957 14280 32027 12585 
22490 28262 20822 8572 16409 
2374 2084 24587 28612 31613 
25622 4528 29341 29399 10391 
17856 19958 1390 24874 12350 
8727 23931 11763 21583 31456 
22381 14713 13038 5040 17976 
15274 20961 4741 20976 11808 
12012 32356 9366 5538 29508 
29947 22834 1262 31558 25477 
24865 15541 1641 18158 21425 
3304 9074 14135 23531 23346 
11495 16925 14512 29382 27077 
22773 776 346 9845 21979 
11958 25971 23037 23563 30992 
12772 11124 6031 14861 2705 
27576 8219 19360 15993 22371 
821 31556 17140 13562 14744 
14808 29752 9064 3035 32174 
16162 11435 10830 2783 6196 
28878 31781 5601 25562 32023 
27096 29787 13297 9089 9929 
20535 32393 26220 15912 4345 
12778 19604 26387 28496 18902 
12608 25602 26347 18958 25788 
29027 31374 16920 12552 1921 
32357 15934 5842 29610 23704 
18906 22178 3217 2079 26321 
6741 1521 4568 7774 21196 
10099 5079 3857 7653 27346 
26365 7191 18602 17725 22220 
8635 16841 8189 18297 21293 
4165 17495 579 9602 8810 
16052 7172 27645 2310 31999 
10758 2445 29398 11343 14615 
23446 31807 6598 15072 16884 
10046 6841 23922 26686 4002 
16400 290 13383 12153 22768 
16535 32235 18376 2200 16161 
29704 16767 29577 12620 21194 
6827 18410 21430 20268 13294 
9514 17437 23483 4652 9959 
28860 10909 26760 5903 4568 
4307 32399 2885 24982 11963 
18098 29062 1551 473 14586 
20492 24998 17366 17911 15474 
15770 15049 30202 19994 727 
24246 2180 4044 29970 30804 
10237 13471 9236 7444 1449 
5149 1878 11358 29145 12706 
30671 12830 17502 21253 31754 
21119 10563 27258 6779 8950 
9660 22455 9747 5251 26969 
17494 14610 21300 16255 8059 
21021 16106 13593 31926 18320 
24927 18059 23083 1301 1384 
10727 4592 18294 21368 2404 
31414 19119 5990 16908 31660 
7752 4976 31412 6048 5089 
1151 10033 13159 31759 15277 
19401 7040 9574 28932 5352 
3316 20951 13192 5908 17792 
5693 6776 19235 24310 22578 
7122 6828 31201 24103 11285 
4283 31592 9652 2890 713 
25205 29740 25413 17899 30742 
21877 6953 17481 24355 32022 
1066 1746 18209 15762 17303 
1838 18022 2549 7703 24052 
8062 13740 2099 8478 30158 
26265 8212 1722 13687 28007 
29838 8162 12925 30747 15710 
16365 17193 21228 26800 25575 
22955 11093 8677 11839 24836 
2408 13714 19136 24867 29541 
30412 20162 11854 28555 2467 
27042 10180 22574 14060 31087 
18849 13834 11588 22502 5633 
5335 21329 29601 6504 1566 
3915 2443 3682 17994 10171 
4759 25702 14338 8579 14770 
11776 10678 16159 28150 14896 
6520 1322 25888 23821 27406 
26660 8772 11181 17477 1906 
21695 12105 904 6566 9070 
21405 1200 28161 14365 5262 
10270 10038 8002 12047 20487 
4977 20460 22853 18448 17816 
28662 17897 19227 21457 10368 
30447 7008 24388 7839 9061 
24767 18722 25684 13469 16724 
14566 30139 7822 26701 22491 
5765 6008 28408 26078 9128 
29383 23584 2917 11605 9018 
11674 3264 27947 10308 8219 
17055 27818 27315 10573 31701 
28650 19599 22561 11355 30861 
28741 3942 3480 29938 31492 
20123 5087 28587 22120 32001 
23866 21298 13654 27381 32102 
5591 24615 32125 19230 25085 
3080 14369 4765 3718 16800 
6396 20830 31628 5876 31506 
24358 10066 16520 29412 10308 
3962 15815 22850 23831 12920 
9381 30817 15058 17734 20611 
3885 20860 29017 30803 7904 
27451 11989 28668 14036 30929 
3837 6400 12949 10087 2797 
18012 7739 906 10891 6064 
13559 19827 6075 3999 11755 
25227 29138 27001 19263 24622 
30030 29207 24433 25519 19396 
26631 15596 2973 6169 9962 
17373 7749 4853 8729 578 
31096 19317 29327 6723 12175 
24608 31747 25286 30123 17437 
27988 30270 18242 25763 8234 
9155 25303 17072 7131 30312 
1032 21758 16267 18121 32462 
17971 22424 2787 8193 25431 
8757 22569 30490 20108 1876 
19412 27965 18937 1994 19834 
19831 12040 10157 24546 8772 
26065 22529 29719 3156 28886 
9108 29371 30350 24816 8999 
28574 19286 17801 31950 15247 
3851 27916 29338 18546 980 
2458 17524 5011 15005 3583 
26956 2618 13660 22244 25460 
7296 32409 29765 13382 29280 
23085 10022 13069 30481 29514 
26498 19235 11923 11195 1669 
25942 2441 28781 16635 144 
11078 14127 22023 15800 22058 
2486 30232 25299 29231 16868 
7705 6511 25023 23370 13032 
27713 6345 32235 28938 18445 
10771 9794 1181 966 16082 
3719 23949 13303 11384 15663 
5131 19809 7373 23730 28987 
23269 31809 16528 28717 19109 
8832 15254 19215 5735 26952 
11101 26785 19258 9591 23829 
15849 13403 13929 12160 30759 
11609 8064 5697 779 24440 
24580 25175 16166 28243 32046 
29669 31903 22470 29311 14644 
3623 2827 31830 7930 2094 
31523 28866 21981 87 12408 
6805 4403 24874 7616 19130 
8972 9738 15396 5064 6514 
4966 12962 25558 16623 16179 
3248 28818 12368 32153 17442 
10637 16809 1516 8781 9433 
7321 25567 15469 14806 13775 
2292 3908 15945 26573 4663 
32260 6574 2284 5676 14447 
8912 8865 3846 19517 31638 
11774 13593 26046 24352 31100 
23954 960 5650 7159 12646 
8883 1328 6394 20616 8971 
2604 6717 13663 28390 6843 
25196 27767 8943 23022 23850 
29815 16002 6080 28758 23123 
7953 28396 29325 26050 19142 
29953 27376 27123 20073 12471 
32295 3707 12933 19076 11430 
9363 19398 11115 17966 23680 
27302 32277 13975 28498 11848 
17954 4046 4305 32420 449 
29978 15797 29157 2430 19363 
14869 8463 8796 21556 21538 
12261 30244 4672 16149 3082 
26108 9251 6758 10086 27451 
28843 31039 12747 31356 19927 
32304 5593 7410 1246 24356 
15647 13307 22387 26004 24450 
6903 27208 16122 25059 7002 
